Interesting:0.0333333333333
is:0.1
weather:0.0333333333333
have:0.0333333333333
</s>:0.166666666667
working:0.0333333333333
movie:0.0333333333333
to:0.0333333333333
lot:0.0333333333333
test:0.0333333333333
today:0.0333333333333
do:0.0333333333333
This:0.0333333333333
properly:0.0333333333333
not:0.0333333333333
The:0.0666666666667
a:0.0666666666667
I:0.0333333333333
database:0.0333333333333
of:0.0333333333333
work:0.0333333333333
terrible:0.0333333333333
